,anual_total_use_day,date,precipitation,temp_max,temp_min,wind_speed,dioxido_nitrogeno,season,weekend,day,month,year,min_sun,holiday,unicom,plaza_cebada
0,6999,2017-04-01,0.0,17.3,8.0,3.3,9.0,2,1,5,4,2017,760,0,1,141.0
1,6737,2017-04-02,0.0,19.0,6.7,2.2,16.0,2,1,6,4,2017,762,0,1,138.0
2,8290,2017-04-03,0.0,19.3,5.7,1.1,26.0,2,0,0,4,2017,765,0,1,90.0
3,9173,2017-04-04,0.0,22.0,7.0,1.4,39.0,2,0,1,4,2017,768,0,1,126.0
4,8953,2017-04-05,0.0,19.0,8.2,3.1,16.0,2,0,2,4,2017,770,0,1,110.0
5,9001,2017-04-06,0.0,21.5,8.0,2.2,21.0,2,0,3,4,2017,773,0,1,129.0
6,8972,2017-04-07,0.0,23.0,9.7,1.4,28.0,2,0,4,4,2017,776,0,0,118.0
7,6919,2017-04-08,0.0,23.2,10.0,0.8,21.0,2,1,5,4,2017,778,0,0,125.0
8,6272,2017-04-09,0.0,24.0,10.6,1.7,16.0,2,1,6,4,2017,781,0,0,164.0
9,7576,2017-04-10,0.0,25.3,10.6,0.6,27.0,2,0,0,4,2017,784,0,0,118.0
10,7694,2017-04-11,0.0,27.7,12.3,0.8,36.0,2,0,1,4,2017,786,0,0,115.0
11,6985,2017-04-12,0.0,28.2,12.0,1.4,31.0,2,0,2,4,2017,789,0,0,106.0
12,4233,2017-04-13,0.0,27.4,12.0,2.2,37.0,2,0,3,4,2017,791,1,0,80.0
13,4056,2017-04-14,0.0,25.4,13.0,1.7,25.0,2,0,4,4,2017,794,1,0,85.0
14,4300,2017-04-15,0.0,27.0,13.5,1.7,19.0,2,1,5,4,2017,796,0,0,92.0
15,4757,2017-04-16,0.0,26.0,11.0,1.9,14.0,2,1,6,4,2017,799,0,0,94.0
16,8567,2017-04-17,0.0,27.6,12.7,1.7,36.0,2,0,0,4,2017,801,0,0,102.0
17,9908,2017-04-18,0.0,27.5,14.0,1.9,18.0,2,0,1,4,2017,804,0,1,107.0
18,9269,2017-04-19,2.5,23.5,12.0,2.8,14.0,2,0,2,4,2017,807,0,1,105.0
19,8928,2017-04-20,0.0,19.5,9.4,3.1,12.0,2,0,3,4,2017,809,0,1,129.0
20,9973,2017-04-21,0.0,21.7,6.1,2.2,16.0,2,0,4,4,2017,811,0,1,146.0
21,7539,2017-04-22,0.0,21.7,6.1,0.8,19.0,2,1,5,4,2017,814,0,1,136.0
22,8660,2017-04-23,0.0,26.0,10.9,0.8,32.0,2,1,6,4,2017,816,0,1,160.0
23,9476,2017-04-24,1.3,27.0,12.6,1.1,40.0,2,0,0,4,2017,819,0,1,90.0
24,9410,2017-04-25,0.0,23.2,12.9,2.5,25.0,2,0,1,4,2017,821,0,1,113.0
25,9664,2017-04-26,0.2,20.5,6.3,1.7,11.0,2,0,2,4,2017,824,0,1,110.0
26,8761,2017-04-27,0.0,16.1,3.8,3.6,13.0,2,0,3,4,2017,826,0,1,111.0
27,8217,2017-04-28,3.3,17.8,3.3,3.3,13.0,2,0,4,4,2017,828,0,1,118.0
28,3229,2017-04-29,4.5,12.4,7.8,0.6,20.0,2,1,5,4,2017,831,0,1,60.0
29,3278,2017-04-30,0.6,14.4,7.7,1.7,13.0,2,1,6,4,2017,833,0,1,60.0
30,4831,2017-05-01,0.0,18.6,5.2,1.1,10.0,2,0,0,5,2017,835,1,1,64.0
31,6477,2017-05-02,0.0,23.7,9.2,1.7,23.0,2,0,1,5,2017,838,1,1,87.0
32,9878,2017-05-03,0.0,26.7,12.0,1.1,31.0,2,0,2,5,2017,840,0,1,144.0
33,10442,2017-05-04,0.0,26.0,14.2,1.4,50.0,2,0,3,5,2017,842,0,1,138.0
34,9076,2017-05-05,0.3,23.0,11.5,3.6,20.0,2,0,4,5,2017,844,0,1,133.0
35,7831,2017-05-06,0.0,21.6,9.5,1.7,5.0,2,1,5,5,2017,847,0,1,160.0
36,8158,2017-05-07,0.0,26.4,12.0,1.7,17.0,2,1,6,5,2017,849,0,1,178.0
37,10266,2017-05-08,0.0,28.8,14.7,1.4,23.0,2,0,0,5,2017,851,0,1,103.0
38,10925,2017-05-09,0.0,28.6,16.2,3.3,26.0,2,0,1,5,2017,853,0,1,152.0
39,10571,2017-05-10,15.0,23.0,12.8,3.1,8.0,2,0,2,5,2017,855,0,1,112.0
40,7074,2017-05-11,3.4,16.1,10.3,3.3,13.0,2,0,3,5,2017,857,0,1,110.0
41,7119,2017-05-12,2.1,17.8,10.4,2.2,20.0,2,0,4,5,2017,859,0,1,98.0
42,7036,2017-05-13,0.0,20.4,11.8,2.8,10.0,2,1,5,5,2017,861,0,1,150.0
43,7447,2017-05-14,0.0,23.2,10.8,1.4,0.0,2,1,6,5,2017,863,0,1,145.0
44,7761,2017-05-15,0.0,26.5,13.6,1.4,0.0,2,0,0,5,2017,865,0,1,161.0
45,10710,2017-05-16,0.0,29.8,16.5,1.4,28.0,2,0,1,5,2017,867,0,1,123.0
46,11183,2017-05-17,6.3,28.3,17.6,1.4,20.0,2,0,2,5,2017,869,0,1,123.0
47,10534,2017-05-18,0.0,20.2,12.6,2.2,17.0,2,0,3,5,2017,870,0,1,130.0
48,11251,2017-05-19,0.0,23.0,10.0,1.7,19.0,2,0,4,5,2017,872,0,1,139.0
49,9100,2017-05-20,0.0,26.7,11.4,1.1,22.0,2,1,5,5,2017,874,0,1,148.0
50,7967,2017-05-21,0.0,26.7,16.1,2.8,29.0,2,1,6,5,2017,876,0,1,161.0
51,11221,2017-05-22,0.0,28.8,15.2,0.3,37.0,2,0,0,5,2017,877,0,1,110.0
52,11643,2017-05-23,0.0,31.8,18.5,2.2,16.0,2,0,1,5,2017,879,0,1,136.0
53,12265,2017-05-24,0.0,32.0,17.5,1.4,21.0,2,0,2,5,2017,880,0,1,147.0
54,12466,2017-05-25,0.0,33.0,19.6,1.4,20.0,2,0,3,5,2017,882,0,1,175.0
55,12293,2017-05-26,0.0,33.7,18.6,1.9,23.0,2,0,4,5,2017,883,0,1,182.0
56,10032,2017-05-27,0.0,33.0,19.5,1.9,13.0,2,1,5,5,2017,885,0,1,190.0
57,8820,2017-05-28,0.0,27.3,19.4,2.2,6.0,2,1,6,5,2017,886,0,1,184.0
58,11405,2017-05-29,0.0,26.3,18.3,2.2,11.0,2,0,0,5,2017,888,0,1,133.0
59,12445,2017-05-30,0.0,27.0,16.4,0.8,15.0,2,0,1,5,2017,889,0,1,148.0
60,12795,2017-05-31,0.0,30.5,16.6,0.0,23.0,2,0,2,5,2017,890,0,1,156.0
61,13450,2017-06-01,0.0,32.1,18.4,1.7,23.0,2,0,3,6,2017,891,0,1,176.0
62,12453,2017-06-02,0.6,32.3,18.2,1.7,29.0,2,0,4,6,2017,892,0,1,150.0
63,9006,2017-06-03,0.0,28.6,17.7,1.4,10.0,2,1,5,6,2017,894,0,1,145.0
64,9061,2017-06-04,0.0,27.5,15.3,3.3,7.0,2,1,6,6,2017,895,0,1,155.0
65,11299,2017-06-05,0.0,26.6,12.4,0.6,16.0,2,0,0,6,2017,896,0,1,158.0
66,12320,2017-06-06,0.0,28.6,15.5,0.8,12.0,2,0,1,6,2017,896,0,1,146.0
67,12873,2017-06-07,0.0,31.8,16.9,1.1,24.0,2,0,2,6,2017,897,0,1,154.0
68,13128,2017-06-08,0.0,33.8,20.0,1.9,22.0,2,0,3,6,2017,898,0,1,149.0
69,12915,2017-06-09,0.0,32.8,20.8,1.4,25.0,2,0,4,6,2017,899,0,1,188.0
70,9813,2017-06-10,0.0,35.1,20.8,0.8,22.0,2,1,5,6,2017,900,0,1,166.0
71,9001,2017-06-11,0.0,37.2,22.8,1.4,26.0,2,1,6,6,2017,900,0,1,185.0
72,11676,2017-06-12,0.0,37.0,23.6,1.9,24.0,2,0,0,6,2017,901,0,1,171.0
73,12425,2017-06-13,0.0,36.2,22.8,1.4,15.0,2,0,1,6,2017,901,0,1,185.0
74,13021,2017-06-14,0.0,37.2,23.6,2.2,25.0,2,0,2,6,2017,902,0,1,178.0
75,12870,2017-06-15,0.1,39.0,24.0,1.9,44.0,2,0,3,6,2017,902,0,1,190.0
76,12229,2017-06-16,0.0,37.6,23.0,1.4,29.0,2,0,4,6,2017,902,0,1,183.0
77,8785,2017-06-17,0.0,40.0,25.5,1.4,23.0,2,1,5,6,2017,903,0,1,149.0
78,7718,2017-06-18,0.0,38.6,25.0,1.1,11.0,2,1,6,6,2017,903,0,1,167.0
79,12197,2017-06-19,0.5,33.5,21.0,1.4,20.0,2,0,0,6,2017,903,0,1,193.0
80,12409,2017-06-20,0.0,32.8,21.2,1.9,22.0,2,0,1,6,2017,903,0,1,160.0
81,13700,2017-06-21,0.0,36.3,21.6,1.1,27.0,3,0,2,6,2017,903,0,1,200.0
82,13718,2017-06-22,0.0,37.0,24.5,1.7,34.0,3,0,3,6,2017,903,0,1,182.0
83,12616,2017-06-23,0.0,36.2,21.7,2.2,21.0,3,0,4,6,2017,903,0,1,174.0
84,8943,2017-06-24,0.0,36.3,21.5,2.8,14.0,3,1,5,6,2017,903,0,1,193.0
85,7153,2017-06-25,3.4,35.3,18.8,2.5,19.0,3,1,6,6,2017,903,0,1,151.0
86,11538,2017-06-26,0.1,30.7,17.3,2.8,17.0,3,0,0,6,2017,902,0,1,143.0
87,12991,2017-06-27,0.0,29.0,18.5,3.6,22.0,3,0,1,6,2017,902,0,1,178.0
88,13018,2017-06-28,0.0,26.0,15.7,4.7,8.0,3,0,2,6,2017,902,0,1,175.0
89,12721,2017-06-29,0.0,23.7,12.8,3.3,7.0,3,0,3,6,2017,901,0,1,176.0
90,11515,2017-06-30,0.0,22.6,10.9,1.7,9.0,3,0,4,6,2017,901,0,1,163.0
91,8144,2017-07-01,0.0,25.0,2.2,2.2,4.0,3,1,5,7,2017,900,0,1,122.0
92,7340,2017-07-02,0.0,31.6,3.1,3.1,8.0,3,1,6,7,2017,900,0,1,130.0
93,11905,2017-07-03,0.0,34.0,0.8,0.8,17.0,3,0,0,7,2017,899,0,1,180.0
94,12701,2017-07-04,0.0,35.5,2.5,2.5,16.0,3,0,1,7,2017,898,0,1,171.0
95,13090,2017-07-05,3.5,35.5,2.2,2.2,13.0,3,0,2,7,2017,897,0,1,203.0
96,6135,2017-07-06,25.2,22.2,2.2,2.2,29.0,3,0,3,7,2017,896,0,1,93.0
97,7721,2017-07-07,19.3,25.3,2.2,2.2,27.0,3,0,4,7,2017,895,0,1,135.0
98,7588,2017-07-08,1.3,24.9,0.0,0.0,19.0,3,1,5,7,2017,895,0,0,144.0
99,7862,2017-07-09,0.0,31.5,1.9,1.9,28.0,3,1,6,7,2017,894,0,0,146.0
100,11684,2017-07-10,0.0,32.2,1.9,1.9,17.0,3,0,0,7,2017,892,0,0,172.0
101,12355,2017-07-11,0.0,33.7,1.7,1.7,29.0,3,0,1,7,2017,891,0,0,179.0
102,12603,2017-07-12,0.0,36.8,2.2,2.2,41.0,3,0,2,7,2017,890,0,0,143.0
103,12358,2017-07-13,0.0,39.7,2.2,2.2,46.0,3,0,3,7,2017,889,0,0,131.0
104,11208,2017-07-14,0.0,39.6,2.8,2.8,30.0,3,0,4,7,2017,888,0,0,127.0
105,7354,2017-07-15,0.0,37.5,1.1,1.1,14.0,3,1,5,7,2017,886,0,0,139.0
106,7256,2017-07-16,0.0,37.2,1.1,1.1,12.0,3,1,6,7,2017,885,0,0,130.0
107,11127,2017-07-17,0.0,35.1,1.7,1.7,22.0,3,0,0,7,2017,884,0,0,149.0
108,11844,2017-07-18,0.0,36.0,2.5,2.5,22.0,3,0,1,7,2017,882,0,0,175.0
109,12203,2017-07-19,0.0,32.6,3.6,3.6,12.0,3,0,2,7,2017,881,0,0,174.0
110,12439,2017-07-20,0.0,34.1,2.2,2.2,16.0,3,0,3,7,2017,879,0,0,179.0
111,11433,2017-07-21,0.0,31.8,2.2,2.2,19.0,3,0,4,7,2017,877,0,0,144.0
112,7682,2017-07-22,0.0,33.0,2.2,2.2,16.0,3,1,5,7,2017,876,0,0,137.0
113,6796,2017-07-23,0.0,34.2,2.5,2.5,12.0,3,1,6,7,2017,874,0,0,151.0
114,10956,2017-07-24,0.0,33.2,1.9,1.9,13.0,3,0,0,7,2017,872,0,0,134.0
115,11613,2017-07-25,0.0,31.3,2.2,2.2,9.0,3,0,1,7,2017,871,0,0,155.0
116,12065,2017-07-26,0.0,33.3,0.8,0.8,20.0,3,0,2,7,2017,869,0,0,163.0
117,12414,2017-07-27,0.0,37.5,1.9,1.9,29.0,3,0,3,7,2017,867,0,0,169.0
118,11344,2017-07-28,0.0,37.9,1.9,1.9,38.0,3,0,4,7,2017,865,0,0,145.0
119,7169,2017-07-29,0.0,37.7,2.5,2.5,33.0,3,1,5,7,2017,863,0,0,153.0
120,6490,2017-07-30,0.0,37.0,2.5,2.5,23.0,3,1,6,7,2017,861,0,0,114.0
121,9759,2017-07-31,0.0,34.6,21.4,1.9,20.0,3,0,0,7,2017,859,0,0,133.0
122,9935,2017-08-01,0.0,33.0,20.0,1.7,15.0,3,0,1,8,2017,857,0,0,142.0
123,10519,2017-08-02,0.0,34.6,21.200000000000003,1.7,26.0,3,0,2,8,2017,855,0,0,173.0
124,10228,2017-08-03,0.0,36.7,22.5,1.4,27.0,3,0,3,8,2017,853,0,0,199.0
125,9207,2017-08-04,0.0,37.5,23.6,1.1,21.0,3,0,4,8,2017,851,0,0,185.0
126,6235,2017-08-05,0.0,39.2,25.1,2.2,16.0,3,1,5,8,2017,849,0,0,163.0
127,5801,2017-08-06,0.0,36.5,22.2,2.5,6.0,3,1,6,8,2017,847,0,0,155.0
128,8553,2017-08-07,0.0,35.6,22.5,3.6,13.0,3,0,0,8,2017,845,0,0,161.0
129,8844,2017-08-08,0.0,30.2,17.7,1.9,9.0,3,0,1,8,2017,843,0,0,143.0
130,8764,2017-08-09,0.0,29.8,15.8,2.2,11.0,3,0,2,8,2017,840,0,0,143.0
131,8440,2017-08-10,0.0,27.0,12.5,2.2,7.0,3,0,3,8,2017,838,0,0,143.0
132,7573,2017-08-11,0.0,28.5,13.4,1.1,12.0,3,0,4,8,2017,836,0,0,143.0
133,5341,2017-08-12,0.0,32.4,17.6,1.4,10.0,3,1,5,8,2017,834,0,0,133.5
134,4973,2017-08-13,0.0,33.5,20.2,1.7,17.0,3,1,6,8,2017,831,0,0,133.5
135,6536,2017-08-14,0.0,35.0,21.3,1.7,12.0,3,0,0,8,2017,829,0,0,143.0
136,5781,2017-08-15,0.0,34.6,22.4,2.8,7.0,3,0,1,8,2017,827,1,0,133.5
137,8001,2017-08-16,0.0,34.6,20.6,1.1,23.0,3,0,2,8,2017,824,0,0,143.0
138,8472,2017-08-17,0.0,36.0,22.5,1.4,19.0,3,0,3,8,2017,822,0,0,92.0
139,7692,2017-08-18,0.0,36.6,23.6,1.9,32.0,3,0,4,8,2017,820,0,0,111.0
140,5766,2017-08-19,0.0,35.3,21.6,1.1,8.0,3,1,5,8,2017,817,0,0,123.0
141,5657,2017-08-20,0.0,35.7,22.0,0.8,11.0,3,1,6,8,2017,815,0,0,113.0
142,8469,2017-08-21,0.0,36.0,24.0,1.1,19.0,3,0,0,8,2017,812,0,0,101.0
143,9130,2017-08-22,0.0,36.6,24.1,1.7,13.0,3,0,1,8,2017,810,0,0,121.0
144,9430,2017-08-23,0.0,35.9,23.7,1.9,35.0,3,0,2,8,2017,808,0,0,125.0
145,9699,2017-08-24,0.0,35.5,22.3,2.5,20.0,3,0,3,8,2017,805,0,0,161.0
146,9107,2017-08-25,0.0,34.4,20.0,1.7,30.0,3,0,4,8,2017,803,0,0,144.0
147,6860,2017-08-26,0.8,30.8,21.1,0.8,30.0,3,1,5,8,2017,800,0,0,144.0
148,6348,2017-08-27,0.3,28.0,20.8,1.9,11.0,3,1,6,8,2017,798,0,0,116.0
149,5877,2017-08-28,24.9,22.4,16.8,1.1,24.0,3,0,0,8,2017,795,0,0,77.0
150,10215,2017-08-29,0.0,25.6,16.2,1.1,16.0,3,0,1,8,2017,793,0,0,143.0
151,11224,2017-08-30,0.0,26.5,17.7,1.9,19.0,3,0,2,8,2017,790,0,0,164.0
152,12064,2017-08-31,0.0,28.0,18.4,1.1,14.0,3,0,3,8,2017,787,0,0,136.0
153,12042,2017-09-01,0.0,28.0,17.0,3.1,14.0,3,0,4,9,2017,785,0,0,168.0
154,8727,2017-09-02,0.0,26.5,13.6,1.4,17.0,3,1,5,9,2017,782,0,0,169.0
155,8863,2017-09-03,0.0,31.2,17.0,1.9,35.0,3,1,6,9,2017,780,0,0,185.0
156,12386,2017-09-04,0.0,29.0,18.3,0.8,18.0,3,0,0,9,2017,777,0,0,152.0
157,13437,2017-09-05,0.0,31.0,19.2,0.8,24.0,3,0,1,9,2017,775,0,0,183.0
158,14052,2017-09-06,0.0,32.5,21.2,1.1,27.0,3,0,2,9,2017,772,0,0,184.0
159,14092,2017-09-07,0.0,30.0,18.5,1.7,16.0,3,0,3,9,2017,769,0,0,182.0
160,13481,2017-09-08,0.0,30.6,17.0,1.1,0.0,3,0,4,9,2017,767,0,0,194.0
161,9634,2017-09-09,0.0,23.5,16.1,3.3,12.0,3,1,5,9,2017,764,0,0,150.0
162,8958,2017-09-10,0.0,23.5,12.0,1.4,9.0,3,1,6,9,2017,762,0,0,178.0
163,12666,2017-09-11,0.0,31.0,15.6,2.8,21.0,3,0,0,9,2017,759,0,1,130.0
164,13674,2017-09-12,0.0,26.5,16.6,1.4,18.0,3,0,1,9,2017,756,0,1,174.0
165,14269,2017-09-13,0.0,30.7,16.7,1.1,32.0,3,0,2,9,2017,754,0,1,151.0
166,14288,2017-09-14,0.0,30.3,16.8,1.7,36.0,3,0,3,9,2017,751,0,1,148.0
167,13109,2017-09-15,0.0,22.8,14.0,3.1,10.0,3,0,4,9,2017,748,0,1,175.0
168,9434,2017-09-16,0.0,21.2,10.7,1.7,10.0,3,1,5,9,2017,746,0,1,165.0
169,9218,2017-09-17,0.0,24.0,11.0,1.4,23.0,3,1,6,9,2017,743,0,1,168.0
170,12353,2017-09-18,0.0,23.0,13.0,2.8,18.0,3,0,0,9,2017,740,0,1,167.0
171,13438,2017-09-19,0.0,25.5,13.0,0.6,42.0,3,0,1,9,2017,738,0,1,166.0
172,14130,2017-09-20,0.0,27.2,13.1,0.8,39.0,3,0,2,9,2017,735,0,1,198.0
173,14023,2017-09-21,0.0,29.0,15.4,0.8,60.0,4,0,3,9,2017,733,0,1,154.0
174,13325,2017-09-22,0.0,26.5,18.0,1.9,34.0,4,0,4,9,2017,730,0,1,164.0
175,10329,2017-09-23,0.0,26.8,15.7,1.1,28.0,4,1,5,9,2017,727,0,1,173.0
176,9904,2017-09-24,0.0,29.0,16.6,1.4,51.0,4,1,6,9,2017,725,0,1,210.0
177,12789,2017-09-25,0.0,27.8,15.5,1.7,38.0,4,0,0,9,2017,722,0,1,170.0
178,13612,2017-09-26,0.0,25.1,14.5,1.7,31.0,4,0,1,9,2017,719,0,1,145.0
179,13872,2017-09-27,0.0,25.0,15.0,1.7,49.0,4,0,2,9,2017,717,0,1,171.0
180,14228,2017-09-28,0.0,27.5,15.0,0.6,61.0,4,0,3,9,2017,714,0,1,168.0
181,14455,2017-09-29,0.0,27.6,17.0,1.1,55.0,4,0,4,9,2017,711,0,1,169.0
182,11151,2017-09-30,0.0,27.4,17.0,1.1,52.0,4,1,5,9,2017,709,0,1,187.0
183,10292,2017-10-01,0.0,26.0,17.4,0.8,20.0,4,1,6,10,2017,706,0,1,182.0
184,13104,2017-10-02,0.0,27.5,16.2,1.1,35.0,4,0,0,10,2017,703,0,1,142.0
185,14254,2017-10-03,0.0,29.4,17.5,0.8,38.0,4,0,1,10,2017,701,0,1,146.0
186,14474,2017-10-04,0.0,28.2,17.8,1.1,29.0,4,0,2,10,2017,698,0,1,184.0
187,15044,2017-10-05,0.0,29.0,17.4,0.8,52.0,4,0,3,10,2017,695,0,1,177.0
188,14563,2017-10-06,0.0,29.0,17.0,1.9,29.0,4,0,4,10,2017,693,0,1,170.0
189,11344,2017-10-07,0.0,25.5,13.3,1.4,29.0,4,1,5,10,2017,690,0,1,224.0
190,10601,2017-10-08,0.0,25.5,13.9,0.6,48.0,4,1,6,10,2017,688,0,1,204.0
191,13186,2017-10-09,0.0,26.8,13.6,1.4,47.0,4,0,0,10,2017,685,0,1,166.0
192,13659,2017-10-10,0.0,26.6,13.4,1.1,50.0,4,0,1,10,2017,682,0,1,160.0
193,14067,2017-10-11,0.0,26.6,12.9,1.1,71.0,4,0,2,10,2017,680,0,1,155.0
194,10097,2017-10-12,0.0,27.0,13.6,0.6,62.0,4,0,3,10,2017,677,1,1,149.0
195,11312,2017-10-13,0.0,28.0,15.7,1.1,46.0,4,0,4,10,2017,674,0,1,167.0
196,9223,2017-10-14,0.0,26.5,14.5,1.1,53.0,4,1,5,10,2017,672,0,1,171.0
197,9250,2017-10-15,0.0,27.1,16.8,1.1,40.0,4,1,6,10,2017,669,0,1,187.0
198,12837,2017-10-16,0.0,24.5,15.7,0.8,34.0,4,0,0,10,2017,667,0,1,136.0
199,11316,2017-10-17,20.1,20.3,14.3,1.4,34.0,4,0,1,10,2017,664,0,1,137.0
200,6339,2017-10-18,4.6,14.9,9.6,1.1,33.0,4,0,2,10,2017,662,0,1,79.0
201,12290,2017-10-19,0.0,16.9,8.6,1.4,41.0,4,0,3,10,2017,659,0,1,150.0
202,13326,2017-10-20,0.0,19.8,10.4,0.8,37.0,4,0,4,10,2017,656,0,1,189.0
203,10759,2017-10-21,0.0,21.8,12.3,1.1,24.0,4,1,5,10,2017,654,0,1,168.0
204,10423,2017-10-22,0.0,17.9,10.8,0.8,25.0,4,1,6,10,2017,651,0,1,184.0
205,12131,2017-10-23,0.0,20.5,9.0,0.6,48.0,4,0,0,10,2017,649,0,1,142.0
206,13290,2017-10-24,0.0,23.3,11.8,0.6,53.0,4,0,1,10,2017,646,0,1,162.0
207,13835,2017-10-25,0.0,23.4,11.5,0.3,60.0,4,0,2,10,2017,644,0,1,196.0
208,14274,2017-10-26,0.0,24.5,13.1,0.8,69.0,4,0,3,10,2017,641,0,1,178.0
209,14110,2017-10-27,0.0,26.9,14.5,3.3,43.0,4,0,4,10,2017,639,0,1,173.0
210,10861,2017-10-28,0.0,22.0,12.0,1.4,27.0,4,1,5,10,2017,637,0,1,174.0
211,8972,2017-10-29,0.0,21.5,10.0,0.8,29.0,4,1,6,10,2017,634,0,1,196.0
212,12391,2017-10-30,0.0,19.2,9.7,1.4,29.0,4,0,0,10,2017,632,0,1,130.0
213,13423,2017-10-31,0.0,18.3,9.9,1.1,42.0,4,0,1,10,2017,629,0,1,182.0
214,10173,2017-11-01,0.0,18.0,10.7,1.1,41.0,4,0,2,11,2017,627,1,1,176.0
215,12647,2017-11-02,0.6,19.2,12.5,0.8,44.0,4,0,3,11,2017,625,0,1,149.0
216,12892,2017-11-03,3.7,18.6,11.8,0.8,45.0,4,0,4,11,2017,622,0,1,152.0
217,8413,2017-11-04,0.2,14.6,11.0,0.8,30.0,4,1,5,11,2017,620,0,1,160.0
218,8461,2017-11-05,0.0,14.9,9.0,1.7,23.0,4,1,6,11,2017,618,0,1,165.0
219,10804,2017-11-06,0.0,14.0,5.8,1.4,31.0,4,0,0,11,2017,615,0,1,112.0
220,11833,2017-11-07,0.0,14.8,4.0,0.6,53.0,4,0,1,11,2017,613,0,1,149.0
221,11621,2017-11-08,0.0,14.3,6.2,0.8,43.0,4,0,2,11,2017,611,0,1,134.0
222,7292,2017-11-09,0.0,11.4,3.3,1.9,21.0,4,0,3,11,2017,609,0,1,111.0
223,10143,2017-11-10,0.0,16.0,3.6,2.5,47.0,4,0,4,11,2017,607,0,1,130.0
224,8418,2017-11-11,0.0,16.7,5.7,0.3,56.0,4,1,5,11,2017,605,0,1,147.0
225,7851,2017-11-12,0.0,16.3,5.2,0.6,50.0,4,1,6,11,2017,602,0,1,109.0
226,10354,2017-11-13,0.0,13.3,5.8,2.8,39.0,4,0,0,11,2017,600,0,1,110.0
227,11097,2017-11-14,0.0,13.5,2.6,0.6,62.0,4,0,1,11,2017,598,0,1,135.0
228,11291,2017-11-15,0.0,13.6,4.6,0.6,75.0,4,0,2,11,2017,596,0,1,134.0
229,11854,2017-11-16,0.0,17.0,3.4,0.6,88.0,4,0,3,11,2017,594,0,1,150.0
230,11847,2017-11-17,0.0,16.5,5.5,0.6,78.0,4,0,4,11,2017,592,0,1,159.0
231,9591,2017-11-18,0.0,17.5,7.2,0.8,52.0,4,1,5,11,2017,591,0,1,160.0
232,8223,2017-11-19,0.0,15.6,5.0,0.3,52.0,4,1,6,11,2017,589,0,1,147.0
233,10885,2017-11-20,0.0,15.6,4.5,0.3,71.0,4,0,0,11,2017,587,0,1,113.0
234,11648,2017-11-21,0.0,15.0,4.2,0.3,84.0,4,0,1,11,2017,585,0,1,147.0
235,11784,2017-11-22,0.0,14.5,5.0,0.3,74.0,4,0,2,11,2017,583,0,1,147.0
236,12160,2017-11-23,0.1,15.7,7.0,0.6,85.0,4,0,3,11,2017,582,0,1,141.0
237,12325,2017-11-24,0.0,16.1,10.0,0.8,62.0,4,0,4,11,2017,580,0,1,172.0
238,9162,2017-11-25,0.0,16.5,7.8,1.7,53.0,4,1,5,11,2017,578,0,1,139.0
239,7474,2017-11-26,0.0,11.4,3.8,1.1,26.0,4,1,6,11,2017,577,0,1,113.0
240,9687,2017-11-27,0.0,9.9,1.4,0.3,60.0,4,0,0,11,2017,575,0,1,94.0
241,6813,2017-11-28,4.4,8.4,3.0,0.0,74.0,4,0,1,11,2017,574,0,1,91.0
242,10585,2017-11-29,0.0,11.4,4.2,2.2,47.0,4,0,2,11,2017,572,0,1,103.0
243,10236,2017-11-30,0.0,8.6,1.5,1.9,39.0,4,0,3,11,2017,571,0,1,112.0
244,9630,2017-12-01,0.0,9.1,1.4,2.8,31.0,4,0,4,12,2017,570,0,1,129.0
245,6680,2017-12-02,0.0,6.5,-0.5,1.1,32.0,4,1,5,12,2017,569,0,1,110.0
246,6061,2017-12-03,0.0,8.5,0.0,0.6,36.0,4,1,6,12,2017,567,0,1,113.0
247,8734,2017-12-04,0.0,9.8,0.0,0.3,56.0,4,0,0,12,2017,566,0,1,106.0
248,9279,2017-12-05,0.0,10.2,0.5,0.0,63.0,4,0,1,12,2017,565,0,1,119.0
249,5988,2017-12-06,0.0,9.0,-0.8,0.3,65.0,4,0,2,12,2017,564,1,1,94.0
250,7060,2017-12-07,0.0,9.5,0.6,0.3,70.0,4,0,3,12,2017,563,0,1,87.0
251,5116,2017-12-08,0.0,11.2,2.5,0.0,70.0,4,0,4,12,2017,562,1,1,93.0
252,5857,2017-12-09,0.0,13.2,4.7,0.3,48.0,4,1,5,12,2017,561,0,1,111.0
253,4537,2017-12-10,11.9,11.5,8.7,4.2,18.0,4,1,6,12,2017,561,0,1,72.0
254,7576,2017-12-11,0.0,10.2,4.3,3.1,21.0,4,0,0,12,2017,560,0,1,90.0
255,9280,2017-12-12,0.0,8.7,0.5,0.6,42.0,4,0,1,12,2017,559,0,1,123.0
256,9420,2017-12-13,0.0,8.6,-0.3,0.6,55.0,4,0,2,12,2017,559,0,1,108.0
257,9825,2017-12-14,0.0,10.6,3.8,1.4,28.0,4,0,3,12,2017,558,0,1,108.0
258,10289,2017-12-15,0.0,12.5,4.2,1.9,36.0,4,0,4,12,2017,558,0,1,108.0
259,8165,2017-12-16,0.0,9.7,2.0,2.2,45.0,4,1,5,12,2017,557,0,1,95.5
260,6942,2017-12-17,0.0,9.7,1.5,1.7,32.0,4,1,6,12,2017,557,0,1,95.5
261,9140,2017-12-18,0.0,10.4,0.4,0.0,61.0,4,0,0,12,2017,557,0,1,108.0
262,10232,2017-12-19,0.0,11.6,4.3,0.8,56.0,4,0,1,12,2017,556,0,1,108.0
263,10391,2017-12-20,0.0,11.7,1.8,1.1,87.0,4,0,2,12,2017,556,0,1,61.0
264,10372,2017-12-21,0.0,11.5,3.0,1.1,64.0,1,0,3,12,2017,556,0,1,110.0
265,9901,2017-12-22,0.0,12.7,2.3,1.1,88.0,1,0,4,12,2017,556,0,0,104.0
266,6604,2017-12-23,0.0,12.7,2.5,2.8,48.0,1,1,5,12,2017,556,0,0,103.0
267,4198,2017-12-24,0.0,10.5,4.5,1.7,41.0,1,1,6,12,2017,556,0,0,50.0
268,2347,2017-12-25,1.9,5.6,2.4,1.1,37.0,1,0,0,12,2017,557,1,0,16.0
269,5003,2017-12-26,2.8,7.2,3.4,2.8,32.0,1,0,1,12,2017,557,0,0,47.0
270,6049,2017-12-27,0.0,10.6,5.6,5.0,18.0,1,0,2,12,2017,557,0,0,57.0
271,6951,2017-12-28,0.0,14.5,6.0,2.5,30.0,1,0,3,12,2017,558,0,0,82.0
272,7423,2017-12-29,0.0,16.0,7.5,3.1,32.0,1,0,4,12,2017,558,0,0,89.0
273,5891,2017-12-30,0.0,15.5,6.8,1.9,22.0,1,1,5,12,2017,559,0,0,88.0
274,3889,2017-12-31,0.8,11.6,6.7,2.8,27.0,1,1,6,12,2017,559,0,0,63.0
275,3454,2018-01-01,0.0,11.6,3.6,3.1,21.0,1,0,0,1,2018,560,1,0,46.0
276,6414,2018-01-02,0.0,13.4,7.5,2.5,28.0,1,0,1,1,2018,561,0,0,71.0
277,7689,2018-01-03,0.0,13.5,7.6,1.7,30.0,1,0,2,1,2018,561,0,0,95.0
278,8282,2018-01-04,0.0,13.7,7.8,2.2,25.0,1,0,3,1,2018,562,0,0,103.0
279,5872,2018-01-05,14.1,11.5,5.8,3.1,26.0,1,0,4,1,2018,563,0,0,75.0
280,1379,2018-01-06,20.6,6.1,2.0,2.5,22.0,1,1,5,1,2018,564,1,0,20.0
281,2414,2018-01-07,3.1,5.0,1.6,2.8,25.0,1,1,6,1,2018,565,0,0,39.0
282,7802,2018-01-08,0.0,7.0,0.7,1.4,44.0,1,0,0,1,2018,566,0,1,87.0
283,5915,2018-01-09,2.3,4.7,-1.4,1.4,48.0,1,0,1,1,2018,567,0,1,77.0
284,7045,2018-01-10,0.8,7.0,3.2,2.2,41.0,1,0,2,1,2018,569,0,1,78.0
285,8765,2018-01-11,0.0,8.8,2.9,3.3,27.0,1,0,3,1,2018,570,0,1,99.0
286,9262,2018-01-12,0.0,7.9,-0.3,1.7,55.0,1,0,4,1,2018,571,0,1,113.0
287,4311,2018-01-13,6.0,5.6,2.4,1.1,55.0,1,1,5,1,2018,573,0,1,70.0
288,5375,2018-01-14,0.0,6.7,2.5,1.7,27.0,1,1,6,1,2018,574,0,1,85.0
289,8130,2018-01-15,0.0,8.5,0.0,1.1,49.0,1,0,0,1,2018,576,0,1,90.0
290,9315,2018-01-16,0.0,12.5,2.0,1.1,49.0,1,0,1,1,2018,577,0,1,104.0
291,9698,2018-01-17,0.0,13.2,4.8,2.2,50.0,1,0,2,1,2018,579,0,1,112.0
292,10004,2018-01-18,0.0,12.8,2.7,1.4,59.0,1,0,3,1,2018,580,0,1,109.0
293,10226,2018-01-19,0.0,14.8,3.0,1.4,72.0,1,0,4,1,2018,582,0,1,146.0
294,7471,2018-01-20,0.0,12.0,3.8,1.9,64.0,1,1,5,1,2018,584,0,1,137.0
295,7460,2018-01-21,0.0,16.2,5.8,1.1,36.0,1,1,6,1,2018,585,0,1,146.0
296,9511,2018-01-22,0.0,14.1,5.3,0.6,47.0,1,0,0,1,2018,587,0,1,108.0
297,10212,2018-01-23,0.0,15.7,4.2,0.8,52.0,1,0,1,1,2018,589,0,1,120.0
298,10689,2018-01-24,0.0,13.5,4.7,1.4,53.0,1,0,2,1,2018,591,0,1,109.0
299,6790,2018-01-25,3.5,8.9,4.6,1.9,48.0,1,0,3,1,2018,593,0,1,86.0
300,9192,2018-01-26,0.0,9.2,2.6,3.9,25.0,1,0,4,1,2018,595,0,1,116.0
301,6681,2018-01-27,0.0,10.0,3.8,3.3,19.0,1,1,5,1,2018,597,0,1,95.0
302,6069,2018-01-28,0.0,13.4,3.5,4.7,21.0,1,1,6,1,2018,599,0,1,113.0
303,9164,2018-01-29,0.0,13.1,5.2,1.9,49.0,1,0,0,1,2018,601,0,1,102.0
304,9785,2018-01-30,0.0,12.5,4.0,1.4,54.0,1,0,1,1,2018,603,0,1,119.0
305,10190,2018-01-31,0.0,12.6,2.5,1.1,71.0,1,0,2,1,2018,605,0,1,127.0
306,9070,2018-02-01,0.1,10.8,2.3,2.8,56.0,1,0,3,2,2018,607,0,1,104.0
307,8789,2018-02-02,0.0,7.7,1.2,3.6,29.0,1,0,4,2,2018,609,0,1,123.0
308,6586,2018-02-03,2.3,10.3,0.2,3.1,30.0,1,1,5,2,2018,612,0,1,121.0
309,2152,2018-02-04,17.3,5.8,1.5,3.6,27.0,1,1,6,2,2018,614,0,1,39.0
310,2895,2018-02-05,14.1,2.8,0.8,3.9,41.0,1,0,0,2,2018,616,0,1,36.0
311,7745,2018-02-06,0.0,7.0,1.2,3.1,32.0,1,0,1,2,2018,618,0,1,101.0
312,8023,2018-02-07,0.0,7.5,-1.6,2.8,36.0,1,0,2,2,2018,621,0,1,105.0
313,8278,2018-02-08,0.0,7.0,-1.0,2.8,44.0,1,0,3,2,2018,623,0,1,95.0
314,8485,2018-02-09,0.0,8.5,-1.9,1.1,68.0,1,0,4,2,2018,625,0,1,100.0
315,6220,2018-02-10,0.0,9.1,2.3,2.2,28.0,1,1,5,2,2018,628,0,1,101.0
316,6115,2018-02-11,0.1,14.3,0.7,3.1,39.0,1,1,6,2,2018,630,0,1,117.0
317,8168,2018-02-12,0.0,11.1,2.5,1.7,32.0,1,0,0,2,2018,633,0,1,98.0
318,8476,2018-02-13,0.0,10.2,-0.8,3.6,36.0,1,0,1,2,2018,635,0,1,111.0
319,9320,2018-02-14,0.0,10.5,5.8,3.1,24.0,1,0,2,2,2018,638,0,1,108.0
320,9205,2018-02-15,0.0,10.9,6.0,1.4,46.0,1,0,3,2,2018,640,0,1,112.0
321,9515,2018-02-16,0.0,14.6,6.8,1.7,46.0,1,0,4,2,2018,643,0,1,123.0
322,7232,2018-02-17,0.0,14.7,6.7,1.4,34.0,1,1,5,2,2018,645,0,1,107.0
323,6686,2018-02-18,0.0,13.4,2.6,2.8,20.0,1,1,6,2,2018,648,0,1,107.0
324,9048,2018-02-19,0.0,15.0,6.5,2.2,27.0,1,0,0,2,2018,650,0,1,104.0
325,9924,2018-02-20,0.0,14.5,7.3,3.6,29.0,1,0,1,2,2018,653,0,1,118.0
326,9325,2018-02-21,0.0,12.0,3.2,4.2,24.0,1,0,2,2,2018,655,0,1,125.0
327,9370,2018-02-22,0.0,11.3,-0.5,2.8,39.0,1,0,3,2,2018,658,0,1,110.0
328,9452,2018-02-23,0.0,9.9,-1.3,1.4,40.0,1,0,4,2,2018,660,0,1,135.0
329,6940,2018-02-24,0.0,11.0,-0.3,1.4,53.0,1,1,5,2,2018,663,0,1,126.0
330,6608,2018-02-25,0.0,13.5,0.0,1.4,51.0,1,1,6,2,2018,666,0,1,104.0
331,9235,2018-02-26,0.0,16.0,1.7,1.1,69.0,1,0,0,2,2018,668,0,1,111.0
332,4627,2018-02-27,19.9,5.6,1.5,1.7,60.0,1,0,1,2,2018,671,0,1,60.0
333,3615,2018-02-28,19.2,12.0,3.6,1.9,49.0,1,0,2,2,2018,673,0,1,38.0
334,3254,2018-03-01,17.3,11.5,5.4,4.2,27.0,1,0,3,3,2018,676,0,1,38.0
335,3615,2018-03-02,15.3,8.5,4.2,1.9,45.0,1,0,4,3,2018,679,0,1,52.0
336,4580,2018-03-03,13.8,13.4,5.3,3.6,19.0,1,1,5,3,2018,681,0,1,73.0
337,5280,2018-03-04,4.9,13.0,5.4,2.5,17.0,1,1,6,3,2018,684,0,1,99.0
338,6159,2018-03-05,2.1,8.9,5.8,3.6,22.0,1,0,0,3,2018,687,0,1,73.0
339,7641,2018-03-06,1.0,10.7,4.2,3.1,26.0,1,0,1,3,2018,689,0,1,100.0
340,9573,2018-03-07,2.6,11.0,2.5,2.2,23.0,1,0,2,3,2018,692,0,1,109.0
341,9520,2018-03-08,1.0,10.9,4.5,1.7,44.0,1,0,3,3,2018,695,0,1,96.0
342,4818,2018-03-09,11.9,11.6,9.4,3.1,43.0,1,0,4,3,2018,697,0,1,63.0
343,3858,2018-03-10,23.7,11.9,7.5,2.8,27.0,1,1,5,3,2018,700,0,1,63.0
344,4509,2018-03-11,1.1,10.5,6.0,5.0,11.0,1,1,6,3,2018,703,0,1,68.0
345,8478,2018-03-12,1.5,13.2,6.5,3.9,17.0,1,0,0,3,2018,705,0,1,109.0
346,9267,2018-03-13,0.3,14.0,6.6,2.2,36.0,1,0,1,3,2018,708,0,1,108.0
347,3219,2018-03-14,22.9,13.1,6.6,3.1,33.0,1,0,2,3,2018,711,0,1,49.0
348,8998,2018-03-15,0.1,11.6,6.2,5.0,19.0,1,0,3,3,2018,713,0,1,90.0
349,7844,2018-03-16,3.2,11.7,4.6,3.3,17.0,1,0,4,3,2018,716,0,1,108.0
350,5016,2018-03-17,7.3,9.5,3.0,2.8,16.0,1,1,5,3,2018,719,0,1,86.0
351,6187,2018-03-18,0.0,12.8,4.0,3.3,15.0,1,1,6,3,2018,722,0,1,92.0
352,5829,2018-03-19,4.2,9.6,3.8,3.3,24.0,1,0,0,3,2018,724,1,1,79.0
353,8030,2018-03-20,0.0,10.0,2.6,5.3,19.0,1,0,1,3,2018,727,0,1,95.0
354,8762,2018-03-21,0.0,12.2,2.4,4.2,20.0,2,0,2,3,2018,730,0,1,99.0
355,9451,2018-03-22,0.0,13.5,-0.3,2.2,34.0,2,0,3,3,2018,732,0,1,109.0
356,7071,2018-03-23,3.5,14.2,4.5,3.1,48.0,2,0,4,3,2018,735,0,0,102.0
357,4894,2018-03-24,0.0,11.3,4.0,6.1,10.0,2,1,5,3,2018,738,0,0,78.0
358,5075,2018-03-25,0.0,13.9,5.2,2.5,12.0,2,1,6,3,2018,740,0,0,99.0
359,7357,2018-03-26,0.0,15.5,3.6,1.9,30.0,2,0,0,3,2018,743,0,0,91.0
360,7985,2018-03-27,0.0,20.6,8.5,1.9,26.0,2,0,1,3,2018,746,0,0,113.0
361,7263,2018-03-28,0.0,20.8,9.2,3.3,32.0,2,0,2,3,2018,748,0,0,114.0
362,4036,2018-03-29,0.8,15.8,8.5,4.2,10.0,2,0,3,3,2018,751,1,0,74.0
363,2976,2018-03-30,2.2,11.7,4.0,4.2,7.0,2,0,4,3,2018,754,1,0,59.0
364,3664,2018-03-31,0.0,14.5,3.2,2.8,9.0,2,1,5,3,2018,756,0,0,68.0
365,4772,2018-04-01,0.0,17.5,5.4,1.4,25.0,2,1,6,4,2018,759,0,0,97.0
366,8853,2018-04-02,5.3,19.4,9.4,3.3,27.0,2,0,0,4,2018,762,0,0,140.0
367,9293,2018-04-03,0.0,16.2,8.4,4.4,17.0,2,0,1,4,2018,764,0,1,102.0
368,9794,2018-04-04,0.0,16.0,7.4,4.7,14.0,2,0,2,4,2018,767,0,1,123.0
369,10976,2018-04-05,0.0,18.6,6.0,1.1,32.0,2,0,3,4,2018,770,0,1,143.0
370,8253,2018-04-06,7.4,17.5,9.8,0.8,51.0,2,0,4,4,2018,772,0,1,105.0
371,5237,2018-04-07,4.1,11.4,7.4,0.0,20.0,2,1,5,4,2018,775,0,1,104.0
372,7248,2018-04-08,2.5,15.5,5.2,0.0,12.0,2,1,6,4,2018,778,0,1,131.0
373,6908,2018-04-09,2.7,9.0,4.7,0.0,17.0,2,0,0,4,2018,780,0,1,100.0
374,3063,2018-04-10,17.6,7.6,3.1,0.0,25.0,2,0,1,4,2018,783,0,1,37.0
375,8612,2018-04-11,0.0,11.0,3.1,0.0,20.0,2,0,2,4,2018,785,0,1,115.0
376,7075,2018-04-12,7.4,11.4,5.3,0.0,23.0,2,0,3,4,2018,788,0,1,100.0
377,8595,2018-04-13,4.8,14.3,5.2,0.0,23.0,2,0,4,4,2018,791,0,1,106.0
378,7668,2018-04-14,0.2,16.5,5.2,0.0,29.0,2,1,5,4,2018,793,0,1,136.0
379,7296,2018-04-15,14.3,18.0,8.6,0.0,14.0,2,1,6,4,2018,796,0,1,146.0
380,9844,2018-04-16,0.0,17.6,7.0,0.0,16.0,2,0,0,4,2018,798,0,1,108.0
381,11401,2018-04-17,0.0,21.6,7.6,0.0,41.0,2,0,1,4,2018,801,0,1,141.0
382,12503,2018-04-18,0.0,24.7,12.2,1.9,42.0,2,0,2,4,2018,803,0,1,179.0
383,12561,2018-04-19,0.0,24.0,12.2,2.8,24.0,2,0,3,4,2018,806,0,1,130.0
384,12149,2018-04-20,0.0,22.5,12.3,3.3,18.0,2,0,4,4,2018,808,0,1,176.0
385,8705,2018-04-21,0.0,19.8,11.6,2.5,21.0,2,1,5,4,2018,811,0,1,186.0
386,9094,2018-04-22,0.0,22.9,13.0,1.9,28.0,2,1,6,4,2018,813,0,1,165.0
387,11376,2018-04-23,0.0,24.3,14.4,2.5,37.0,2,0,0,4,2018,816,0,1,123.0
388,12845,2018-04-24,0.0,26.4,14.6,1.4,29.0,2,0,1,4,2018,818,0,1,143.0
389,13592,2018-04-25,0.0,28.5,13.1,2.2,40.0,2,0,2,4,2018,821,0,1,162.0
390,13392,2018-04-26,0.0,26.5,14.0,2.5,33.0,2,0,3,4,2018,823,0,1,168.0
391,12329,2018-04-27,0.0,24.4,14.3,2.5,17.0,2,0,4,4,2018,825,0,1,161.0
392,6987,2018-04-28,6.2,18.7,10.2,3.6,10.0,2,1,5,4,2018,828,0,1,141.0
393,3707,2018-04-29,3.8,12.6,4.0,4.4,8.0,2,1,6,4,2018,830,0,1,70.0
394,5555,2018-04-30,2.5,12.5,4.0,0.8,13.0,2,0,0,4,2018,832,0,1,81.0
395,5669,2018-05-01,0.0,15.9,5.5,0.8,13.0,2,0,1,5,2018,835,1,1,85.0
396,6903,2018-05-02,0.0,17.8,6.4,1.4,15.0,2,0,2,5,2018,837,1,1,92.0
397,10814,2018-05-03,0.0,19.4,9.3,1.9,25.0,2,0,3,5,2018,839,0,1,135.0
398,11629,2018-05-04,0.0,20.5,7.5,2.2,18.0,2,0,4,5,2018,842,0,1,149.0
399,9114,2018-05-05,0.0,24.3,9.9,1.7,17.0,2,1,5,5,2018,844,0,1,149.0
400,8495,2018-05-06,1.5,24.0,12.8,1.7,12.0,2,1,6,5,2018,846,0,1,147.0
401,10334,2018-05-07,13.5,22.7,12.4,1.4,30.0,2,0,0,5,2018,848,0,1,124.0
402,11623,2018-05-08,0.2,25.2,12.5,1.1,36.0,2,0,1,5,2018,850,0,1,141.0
403,13000,2018-05-09,0.0,25.0,13.2,1.9,29.0,2,0,2,5,2018,852,0,1,151.0
404,13411,2018-05-10,0.0,23.9,13.5,2.5,21.0,2,0,3,5,2018,854,0,1,169.0
405,12759,2018-05-11,0.0,25.1,13.3,2.2,26.0,2,0,4,5,2018,857,0,1,158.0
406,8385,2018-05-12,0.0,20.2,10.5,3.1,11.0,2,1,5,5,2018,859,0,1,146.0
407,7476,2018-05-13,0.0,17.5,6.0,2.5,8.0,2,1,6,5,2018,861,0,1,156.0
408,10559,2018-05-14,0.0,19.4,10.4,1.7,13.0,2,0,0,5,2018,863,0,1,136.0
409,9242,2018-05-15,0.0,23.5,8.0,1.9,12.0,2,0,1,5,2018,864,0,1,179.0
410,12792,2018-05-16,0.0,25.0,11.8,2.2,16.0,2,0,2,5,2018,866,0,1,174.0
411,13369,2018-05-17,0.0,25.3,14.8,1.1,22.0,2,0,3,5,2018,868,0,1,172.0
412,11814,2018-05-18,0.7,23.2,14.2,0.8,28.0,2,0,4,5,2018,870,0,1,159.0
413,9498,2018-05-19,0.1,25.4,13.6,0.6,22.0,2,1,5,5,2018,872,0,1,163.0
414,8873,2018-05-20,0.0,22.5,13.3,1.1,12.0,2,1,6,5,2018,874,0,1,147.0
415,11605,2018-05-21,5.6,24.3,13.6,0.8,25.0,2,0,0,5,2018,875,0,1,137.0
416,12127,2018-05-22,0.1,24.6,12.6,0.0,38.0,2,0,1,5,2018,877,0,1,153.0
417,12692,2018-05-23,0.3,26.3,15.3,1.4,38.0,2,0,2,5,2018,879,0,1,153.0
418,13149,2018-05-24,28.9,27.7,15.7,0.0,31.0,2,0,3,5,2018,880,0,1,157.0
419,7978,2018-05-25,8.9,19.5,12.0,0.0,33.0,2,0,4,5,2018,882,0,1,153.0
420,9442,2018-05-26,0.0,22.0,11.8,0.0,19.0,2,1,5,5,2018,883,0,1,148.0
421,9893,2018-05-27,3.6,25.5,13.1,0.0,21.0,2,1,6,5,2018,885,0,1,148.0
422,6334,2018-05-28,13.8,17.8,13.2,0.0,29.0,2,0,0,5,2018,886,0,1,153.0
423,9451,2018-05-29,1.0,19.9,12.6,0.0,34.0,2,0,1,5,2018,887,0,1,153.0
424,11388,2018-05-30,0.2,18.6,11.0,0.0,24.0,2,0,2,5,2018,889,0,1,153.0
425,13144,2018-05-31,0.0,23.1,12.5,0.0,20.0,2,0,3,5,2018,890,0,1,156.0
426,13170,2018-06-01,2.3,23.8,13.6,0.0,32.0,2,0,4,6,2018,891,0,1,170.0
427,7232,2018-06-02,3.9,23.5,12.8,1.9,14.0,2,1,5,6,2018,892,0,1,142.0
428,9155,2018-06-03,0.0,23.8,11.7,2.2,21.0,2,1,6,6,2018,893,0,1,160.0
429,12073,2018-06-04,0.0,20.0,12.4,3.1,13.0,2,0,0,6,2018,894,0,1,128.0
430,12522,2018-06-05,2.4,19.8,12.0,1.7,13.0,2,0,1,6,2018,895,0,1,136.0
431,11128,2018-06-06,3.5,19.6,10.5,1.7,21.0,2,0,2,6,2018,896,0,1,127.0
432,13616,2018-06-07,2.8,23.4,12.0,2.5,31.0,2,0,3,6,2018,897,0,1,187.0
433,7925,2018-06-08,2.8,18.6,12.2,2.2,26.0,2,0,4,6,2018,898,0,1,112.0
434,8789,2018-06-09,0.5,20.7,11.7,1.9,17.0,2,1,5,6,2018,899,0,1,146.0
435,7918,2018-06-10,0.0,19.4,11.2,1.9,18.0,2,1,6,6,2018,899,0,1,130.0
436,11569,2018-06-11,0.0,21.0,12.5,2.5,13.0,2,0,0,6,2018,900,0,1,155.0
437,12879,2018-06-12,0.0,24.3,13.0,1.9,24.0,2,0,1,6,2018,901,0,1,153.0
438,13546,2018-06-13,0.0,25.5,13.7,2.5,17.0,2,0,2,6,2018,901,0,1,178.0
439,13361,2018-06-14,0.0,27.0,12.7,1.7,23.0,2,0,3,6,2018,902,0,1,159.0
440,13162,2018-06-15,0.0,30.7,15.3,1.4,29.0,2,0,4,6,2018,902,0,1,186.0
441,9464,2018-06-16,0.0,31.1,18.0,1.9,14.0,2,1,5,6,2018,902,0,1,161.0
442,8600,2018-06-17,0.0,32.3,17.9,3.1,13.0,2,1,6,6,2018,903,0,1,174.0
443,12577,2018-06-18,0.0,32.1,17.6,2.5,18.0,2,0,0,6,2018,903,0,1,157.0
444,13814,2018-06-19,0.0,32.5,17.3,1.7,18.0,2,0,1,6,2018,903,0,1,160.0
445,14345,2018-06-20,0.0,33.0,20.2,1.7,23.0,2,0,2,6,2018,903,0,1,187.0
446,14468,2018-06-21,0.0,33.3,20.5,1.7,21.0,3,0,3,6,2018,903,0,1,191.0
447,13590,2018-06-22,0.0,33.8,21.6,1.7,28.0,3,0,4,6,2018,903,0,1,195.0
448,9211,2018-06-23,0.0,35.5,21.5,1.1,16.0,3,1,5,6,2018,903,0,1,171.0
449,8522,2018-06-24,0.0,36.6,22.0,1.1,17.0,3,1,6,6,2018,903,0,1,170.0
450,13282,2018-06-25,0.0,36.2,22.9,1.7,23.0,3,0,0,6,2018,903,0,1,180.0
451,13806,2018-06-26,0.0,35.0,23.0,1.9,24.0,3,0,1,6,2018,902,0,1,170.0
452,14537,2018-06-27,0.0,31.9,21.9,2.2,21.0,3,0,2,6,2018,902,0,1,165.0
453,14560,2018-06-28,0.1,31.0,20.9,2.2,24.0,3,0,3,6,2018,902,0,1,165.0
454,13491,2018-06-29,0.0,31.6,20.5,1.7,18.0,3,0,4,6,2018,901,0,1,165.0
455,9171,2018-06-30,0.7,28.7,20.2,2.8,13.0,3,1,5,6,2018,901,0,1,160.5
456,8537,2018-07-01,0.0,28.0,18.6,2.8,7.0,3,1,6,7,2018,900,0,1,132.0
457,12801,2018-07-02,0.0,27.5,16.5,2.5,13.0,3,0,0,7,2018,900,0,1,172.0
458,13934,2018-07-03,0.0,30.7,16.2,1.1,26.0,3,0,1,7,2018,899,0,1,177.0
459,13864,2018-07-04,0.0,27.5,18.5,2.5,30.0,3,0,2,7,2018,898,0,1,149.0
460,13755,2018-07-05,0.0,28.0,17.0,0.8,18.0,3,0,3,7,2018,897,0,1,166.0
461,12452,2018-07-06,0.0,31.7,18.5,1.9,18.0,3,0,4,7,2018,897,0,1,165.0
462,8316,2018-07-07,0.0,33.6,21.4,1.9,18.0,3,1,5,7,2018,896,0,0,145.0
463,7676,2018-07-08,0.0,34.6,21.7,1.9,15.0,3,1,6,7,2018,895,0,0,138.0
464,12414,2018-07-09,0.0,34.5,21.8,1.7,20.0,3,0,0,7,2018,894,0,0,170.0
465,13472,2018-07-10,0.0,35.2,21.5,2.2,16.0,3,0,1,7,2018,893,0,0,164.0
466,13513,2018-07-11,0.0,33.2,21.4,2.8,20.0,3,0,2,7,2018,892,0,0,193.0
467,13578,2018-07-12,0.0,32.7,21.0,1.4,18.0,3,0,3,7,2018,890,0,0,174.0
468,12270,2018-07-13,0.0,33.5,21.7,2.5,16.0,3,0,4,7,2018,889,0,0,161.0
469,8015,2018-07-14,0.0,33.2,20.3,1.7,15.0,3,1,5,7,2018,888,0,0,121.0
470,7664,2018-07-15,0.0,29.6,19.0,2.2,10.0,3,1,6,7,2018,887,0,0,142.0
471,11787,2018-07-16,0.0,30.2,17.2,1.4,12.0,3,0,0,7,2018,885,0,0,146.0
472,12966,2018-07-17,0.0,33.5,19.2,1.7,22.0,3,0,1,7,2018,884,0,0,159.0
473,13516,2018-07-18,0.0,32.9,21.3,1.9,24.0,3,0,2,7,2018,882,0,0,171.0
474,13442,2018-07-19,0.0,32.9,19.4,1.9,31.0,3,0,3,7,2018,881,0,0,196.0
475,12069,2018-07-20,0.0,32.0,18.7,1.1,25.0,3,0,4,7,2018,879,0,0,156.0
476,7807,2018-07-21,0.0,30.5,17.4,2.2,10.0,3,1,5,7,2018,878,0,0,139.0
477,7009,2018-07-22,0.0,31.7,18.1,0.8,10.0,3,1,6,7,2018,876,0,0,132.0
478,11607,2018-07-23,0.0,34.7,20.5,1.9,21.0,3,0,0,7,2018,875,0,0,138.0
479,12377,2018-07-24,0.0,33.0,19.8,1.9,19.0,3,0,1,7,2018,873,0,0,169.0
480,12501,2018-07-25,0.0,34.6,19.9,1.1,27.0,3,0,2,7,2018,871,0,0,153.0
481,12465,2018-07-26,0.0,34.5,19.8,1.7,34.0,3,0,3,7,2018,869,0,0,171.0
482,11318,2018-07-27,0.0,34.5,19.0,2.2,31.0,3,0,4,7,2018,867,0,0,142.0
483,7855,2018-07-28,0.0,33.2,18.6,2.2,14.0,3,1,5,7,2018,866,0,0,133.0
484,7627,2018-07-29,0.0,32.6,19.8,1.7,11.0,3,1,6,7,2018,864,0,0,134.0
485,11655,2018-07-30,0.0,34.1,19.4,1.4,27.0,3,0,0,7,2018,862,0,0,158.0
486,12410,2018-07-31,0.0,35.3,21.1,1.1,29.0,3,0,1,7,2018,860,0,0,194.0
487,12219,2018-08-01,0.0,37.0,23.3,0.6,31.0,3,0,2,8,2018,858,0,0,198.0
488,11526,2018-08-02,0.0,38.5,24.6,1.1,37.0,3,0,3,8,2018,856,0,0,220.0
489,10073,2018-08-03,0.0,39.9,25.9,1.7,26.0,3,0,4,8,2018,854,0,0,223.0
490,6486,2018-08-04,0.0,38.6,23.4,0.0,14.0,3,1,5,8,2018,852,0,0,190.0
491,6272,2018-08-05,0.0,37.6,24.4,0.8,11.0,3,1,6,8,2018,850,0,0,179.0
492,9057,2018-08-06,0.0,36.9,24.4,1.7,29.0,3,0,0,8,2018,848,0,0,141.0
493,10022,2018-08-07,0.0,36.7,24.7,2.8,23.0,3,0,1,8,2018,845,0,0,133.0
494,10016,2018-08-08,0.0,34.6,21.2,2.8,23.0,3,0,2,8,2018,843,0,0,141.0
495,10077,2018-08-09,0.0,31.3,19.5,2.2,16.0,3,0,3,8,2018,841,0,0,141.0
496,8756,2018-08-10,0.0,31.3,17.5,2.2,11.0,3,0,4,8,2018,839,0,0,141.0
497,6099,2018-08-11,0.0,33.7,22.1,1.4,10.0,3,1,5,8,2018,837,0,0,126.0
498,5868,2018-08-12,0.0,35.0,23.3,2.2,14.0,3,1,6,8,2018,834,0,0,126.0
499,8280,2018-08-13,0.0,33.5,21.5,2.2,20.0,3,0,0,8,2018,832,0,0,141.0
500,8894,2018-08-14,0.0,33.0,19.6,1.1,14.0,3,0,1,8,2018,830,0,0,141.0
501,6763,2018-08-15,0.0,33.8,19.6,2.2,11.0,3,0,2,8,2018,827,1,0,141.0
502,8753,2018-08-16,0.0,32.0,23.0,1.9,19.0,3,0,3,8,2018,825,0,0,141.0
503,7982,2018-08-17,0.0,32.2,20.0,1.9,17.0,3,0,4,8,2018,823,0,0,117.0
504,5854,2018-08-18,0.0,30.4,16.8,1.7,9.0,3,1,5,8,2018,820,0,0,94.0
505,5885,2018-08-19,0.0,31.6,20.0,1.7,13.0,3,1,6,8,2018,818,0,0,87.0
506,9293,2018-08-20,0.0,32.5,20.7,1.4,21.0,3,0,0,8,2018,815,0,0,115.0
507,9915,2018-08-21,0.0,34.4,21.0,1.1,29.0,3,0,1,8,2018,813,0,0,127.0
508,10570,2018-08-22,0.0,32.8,21.9,1.1,27.0,3,0,2,8,2018,811,0,0,145.0
509,10814,2018-08-23,0.0,33.8,20.2,1.1,34.0,3,0,3,8,2018,808,0,0,119.0
510,10008,2018-08-24,0.0,33.0,20.6,1.4,22.0,3,0,4,8,2018,806,0,0,141.0
511,7163,2018-08-25,0.0,32.8,18.8,2.2,14.0,3,1,5,8,2018,803,0,0,121.0
512,6969,2018-08-26,0.0,31.5,17.4,1.4,13.0,3,1,6,8,2018,801,0,0,131.0
513,11098,2018-08-27,0.0,35.0,20.5,1.4,38.0,3,0,0,8,2018,798,0,0,139.0
514,12003,2018-08-28,0.0,33.8,22.3,2.5,32.0,3,0,1,8,2018,796,0,0,143.0
515,12578,2018-08-29,0.0,31.5,20.0,0.8,34.0,3,0,2,8,2018,793,0,0,141.0
516,12835,2018-08-30,0.0,32.2,20.5,1.4,19.0,3,0,3,8,2018,791,0,0,141.0
517,12490,2018-08-31,0.0,33.4,21.2,1.9,22.0,3,0,4,8,2018,788,0,0,141.0
518,9428,2018-09-01,0.0,33.6,21.0,1.1,19.0,3,1,5,9,2018,786,0,0,110.0
519,8969,2018-09-02,1.2,34.8,20.2,1.7,17.0,3,1,6,9,2018,783,0,0,148.0
520,13417,2018-09-03,0.0,31.3,22.3,1.7,25.0,3,0,0,9,2018,780,0,0,152.0
521,14742,2018-09-04,0.0,29.5,19.4,1.4,27.0,3,0,1,9,2018,778,0,0,186.0
522,14994,2018-09-05,0.0,27.8,18.3,2.8,19.0,3,0,2,9,2018,775,0,0,177.0
523,15331,2018-09-06,0.0,27.4,17.8,0.6,25.0,3,0,3,9,2018,773,0,0,173.0
524,13466,2018-09-07,5.1,28.5,16.0,2.2,18.0,3,0,4,9,2018,770,0,0,151.0
525,8424,2018-09-08,1.8,23.6,16.9,1.7,24.0,3,1,5,9,2018,767,0,0,114.0
526,9783,2018-09-09,0.0,26.3,15.8,0.8,29.0,3,1,6,9,2018,765,0,0,188.0
527,14447,2018-09-10,0.0,28.3,17.3,1.9,20.0,3,0,0,9,2018,762,0,0,119.0
528,15521,2018-09-11,0.0,28.5,17.6,1.9,23.0,3,0,1,9,2018,760,0,0,156.0
529,16127,2018-09-12,0.0,29.0,17.3,0.6,38.0,3,0,2,9,2018,757,0,0,185.0
530,16189,2018-09-13,0.0,32.2,18.6,0.8,47.0,3,0,3,9,2018,754,0,0,179.0
531,15738,2018-09-14,0.0,31.6,19.4,1.4,35.0,3,0,4,9,2018,752,0,0,183.0
532,11122,2018-09-15,0.0,30.0,20.2,0.8,20.0,3,1,5,9,2018,749,0,0,141.0
533,10693,2018-09-16,0.0,30.2,18.0,0.6,22.0,3,1,6,9,2018,746,0,0,187.0
534,14316,2018-09-17,1.2,30.8,18.6,1.9,35.0,3,0,0,9,2018,744,0,1,167.0
535,15149,2018-09-18,0.0,28.5,18.2,1.4,35.0,3,0,1,9,2018,741,0,1,199.0
536,16313,2018-09-19,0.0,30.4,18.0,0.8,40.0,3,0,2,9,2018,739,0,1,166.0
537,16529,2018-09-20,0.0,31.5,19.9,1.1,46.0,3,0,3,9,2018,736,0,1,190.0
538,15600,2018-09-21,0.0,31.3,18.9,1.4,36.0,4,0,4,9,2018,733,0,1,158.0
539,11423,2018-09-22,0.0,32.5,20.0,1.7,30.0,4,1,5,9,2018,731,0,1,173.0
540,11100,2018-09-23,0.0,33.5,20.8,1.4,23.0,4,1,6,9,2018,728,0,1,192.0
541,14572,2018-09-24,0.0,32.0,20.0,1.9,21.0,4,0,0,9,2018,725,0,1,145.0
542,15671,2018-09-25,0.0,29.3,17.2,2.2,26.0,4,0,1,9,2018,723,0,1,165.0
543,15131,2018-09-26,0.5,26.0,19.0,2.2,14.0,4,0,2,9,2018,720,0,1,157.0
544,16024,2018-09-27,0.0,26.4,15.7,0.3,30.0,4,0,3,9,2018,717,0,1,195.0
545,15531,2018-09-28,0.0,27.8,16.0,1.4,44.0,4,0,4,9,2018,715,0,1,192.0
546,11742,2018-09-29,0.0,27.9,16.8,0.8,39.0,4,1,5,9,2018,712,0,1,181.0
547,10948,2018-09-30,0.0,29.0,16.9,1.7,31.0,4,1,6,9,2018,709,0,1,165.0
548,14116,2018-10-01,0.0,25.0,14.6,3.1,20.0,4,0,0,10,2018,707,0,1,145.0
549,14888,2018-10-02,0.0,24.6,10.0,1.1,30.0,4,0,1,10,2018,704,0,1,159.0
550,15777,2018-10-03,0.0,26.0,15.0,1.9,36.0,4,0,2,10,2018,701,0,1,171.0
551,15600,2018-10-04,0.0,26.3,14.0,1.1,45.0,4,0,3,10,2018,699,0,1,173.0
552,15106,2018-10-05,0.0,25.9,14.8,1.1,53.0,4,0,4,10,2018,696,0,1,156.0
553,11792,2018-10-06,0.0,27.1,13.6,2.5,54.0,4,1,5,10,2018,693,0,1,180.0
554,9864,2018-10-07,0.0,19.5,11.2,3.9,10.0,4,1,6,10,2018,691,0,1,176.0
555,13326,2018-10-08,0.0,18.7,9.0,1.1,25.0,4,0,0,10,2018,688,0,1,150.0
556,11608,2018-10-09,8.9,19.5,10.7,1.7,24.0,4,0,1,10,2018,686,0,1,124.0
557,12457,2018-10-10,2.7,18.1,11.0,0.8,31.0,4,0,2,10,2018,683,0,1,144.0
558,11746,2018-10-11,2.9,20.5,13.8,2.8,33.0,4,0,3,10,2018,680,0,1,123.0
559,7850,2018-10-12,0.3,20.8,15.8,0.8,17.0,4,0,4,10,2018,678,1,1,110.0
560,8993,2018-10-13,2.6,24.2,15.0,0.6,35.0,4,1,5,10,2018,675,0,1,159.0
561,6887,2018-10-14,0.0,18.5,11.2,3.1,11.0,4,1,6,10,2018,673,0,1,116.0
562,10699,2018-10-15,0.1,15.4,9.2,1.4,24.0,4,0,0,10,2018,670,0,1,127.0
563,13630,2018-10-16,0.0,20.1,10.6,1.1,32.0,4,0,1,10,2018,667,0,1,162.0
564,14430,2018-10-17,0.0,21.5,11.5,1.4,41.0,4,0,2,10,2018,665,0,1,151.0
565,12791,2018-10-18,8.8,20.4,14.0,3.1,37.0,4,0,3,10,2018,662,0,1,154.0
566,7216,2018-10-19,5.9,17.0,12.7,3.6,27.0,4,0,4,10,2018,660,0,1,112.0
567,8357,2018-10-20,3.3,21.0,13.5,2.5,21.0,4,1,5,10,2018,657,0,1,116.0
568,8955,2018-10-21,0.2,21.2,14.4,2.5,23.0,4,1,6,10,2018,655,0,1,144.0
569,13226,2018-10-22,0.0,22.3,11.7,0.8,36.0,4,0,0,10,2018,652,0,1,136.0
570,14081,2018-10-23,0.0,20.5,13.0,1.4,42.0,4,0,1,10,2018,650,0,1,161.0
571,14240,2018-10-24,0.0,22.0,10.5,0.3,61.0,4,0,2,10,2018,647,0,1,157.0
572,14618,2018-10-25,0.0,22.6,10.5,0.8,57.0,4,0,3,10,2018,645,0,1,174.0
573,11387,2018-10-26,1.5,16.5,11.8,0.8,68.0,4,0,4,10,2018,642,0,1,142.0
574,6619,2018-10-27,4.2,12.4,5.1,1.9,26.0,4,1,5,10,2018,640,0,1,105.0
575,6796,2018-10-28,0.0,10.0,4.1,3.1,14.0,4,1,6,10,2018,637,0,1,120.0
576,10216,2018-10-29,0.7,10.4,3.7,3.3,19.0,4,0,0,10,2018,635,0,1,111.0
577,5125,2018-10-30,15.1,9.0,6.0,3.1,29.0,4,0,1,10,2018,632,0,1,52.0
578,10451,2018-10-31,0.1,12.0,5.8,2.5,26.0,4,0,2,10,2018,630,0,1,123.0
579,7812,2018-11-01,0.0,13.8,4.5,0.8,31.0,4,0,3,11,2018,628,1,1,113.0
580,9846,2018-11-02,0.0,18.0,9.3,2.2,30.0,4,0,4,11,2018,625,0,1,131.0
581,8019,2018-11-03,0.0,15.0,6.1,0.6,38.0,4,1,5,11,2018,623,0,1,131.0
582,7271,2018-11-04,17.0,15.4,4.5,0.8,40.0,4,1,6,11,2018,621,0,1,141.0
583,6401,2018-11-05,2.7,10.0,6.3,3.1,23.0,4,0,0,11,2018,618,0,1,70.0
584,10699,2018-11-06,0.7,11.8,6.0,3.1,23.0,4,0,1,11,2018,616,0,1,131.0
585,7897,2018-11-07,4.5,13.8,7.5,1.9,31.0,4,0,2,11,2018,614,0,1,90.0
586,8733,2018-11-08,7.6,12.6,7.0,1.1,39.0,4,0,3,11,2018,612,0,1,118.0
587,6992,2018-11-09,0.0,12.6,5.4,3.6,14.0,4,0,4,11,2018,609,0,1,103.0
588,6285,2018-11-10,1.1,13.5,9.6,3.6,14.0,4,1,5,11,2018,607,0,1,129.0
589,6781,2018-11-11,0.0,16.7,11.6,2.8,16.0,4,1,6,11,2018,605,0,1,105.0
590,9717,2018-11-12,1.6,14.0,10.3,0.8,42.0,4,0,0,11,2018,603,0,1,118.0
591,12299,2018-11-13,0.0,16.0,10.0,1.4,42.0,4,0,1,11,2018,601,0,1,131.0
592,12163,2018-11-14,0.0,16.0,10.0,1.9,42.0,4,0,2,11,2018,599,0,1,118.0
593,11935,2018-11-15,0.9,16.5,11.8,1.1,38.0,4,0,3,11,2018,597,0,1,131.0
594,11105,2018-11-16,1.7,15.8,12.1,1.1,38.0,4,0,4,11,2018,595,0,1,123.0
595,9448,2018-11-17,0.0,16.5,11.0,1.4,28.0,4,1,5,11,2018,593,0,1,146.0
596,5322,2018-11-18,11.8,13.7,9.3,1.9,25.0,4,1,6,11,2018,591,0,1,80.0
597,9875,2018-11-19,2.5,13.6,8.7,2.2,27.0,4,0,0,11,2018,589,0,1,104.0
598,9104,2018-11-20,2.9,12.0,8.0,2.8,22.0,4,0,1,11,2018,587,0,1,94.0
599,10042,2018-11-21,1.5,11.8,6.7,1.7,30.0,4,0,2,11,2018,586,0,1,109.0
600,11236,2018-11-22,3.7,12.0,5.8,1.1,36.0,4,0,3,11,2018,584,0,1,119.0
601,10833,2018-11-23,0.0,11.1,5.0,1.7,27.0,4,0,4,11,2018,582,0,1,154.0
602,7634,2018-11-24,2.0,9.2,3.0,0.0,47.0,4,1,5,11,2018,580,0,1,100.0
603,6042,2018-11-25,4.9,14.0,6.6,3.3,22.0,4,1,6,11,2018,579,0,1,116.0
604,9876,2018-11-26,0.0,12.0,7.0,3.1,20.0,4,0,0,11,2018,577,0,1,99.0
605,10954,2018-11-27,0.0,12.0,4.2,0.8,41.0,4,0,1,11,2018,576,0,1,126.0
606,10987,2018-11-28,0.0,11.1,3.4,0.8,59.0,4,0,2,11,2018,574,0,1,108.0
607,10564,2018-11-29,3.3,11.4,3.4,0.6,55.0,4,0,3,11,2018,573,0,1,123.0
608,10879,2018-11-30,0.0,11.0,4.7,0.6,47.0,4,0,4,11,2018,571,0,1,106.0
609,8488,2018-12-01,0.0,11.0,3.0,0.6,48.0,4,1,5,12,2018,570,0,1,158.0
610,6940,2018-12-02,0.0,8.8,4.5,0.3,40.0,4,1,6,12,2018,569,0,1,102.0
611,9440,2018-12-03,0.0,9.0,5.4,0.8,50.0,4,0,0,12,2018,568,0,1,101.0
612,11224,2018-12-04,0.0,15.2,4.2,0.6,44.0,4,0,1,12,2018,567,0,1,128.0
613,11522,2018-12-05,0.0,16.0,6.9,0.6,54.0,4,0,2,12,2018,565,0,1,136.0
614,7409,2018-12-06,0.0,15.5,5.5,0.6,43.0,4,0,3,12,2018,564,1,1,93.0
615,8305,2018-12-07,0.0,10.5,4.2,1.1,40.0,4,0,4,12,2018,563,0,1,119.0
616,6798,2018-12-08,0.0,13.0,5.4,0.8,40.0,4,1,5,12,2018,562,1,1,87.0
617,7009,2018-12-09,0.0,14.6,4.4,0.3,55.0,4,1,6,12,2018,562,0,1,111.0
618,10267,2018-12-10,0.0,14.2,3.9,0.8,76.0,4,0,0,12,2018,561,0,1,119.0
619,11084,2018-12-11,0.0,12.6,3.8,0.6,59.0,4,0,1,12,2018,560,0,1,151.0
620,11089,2018-12-12,3.8,8.6,4.5,0.8,46.0,4,0,2,12,2018,559,0,1,135.0
621,7909,2018-12-13,6.2,8.5,4.0,2.8,27.0,4,0,3,12,2018,559,0,1,86.0
622,10968,2018-12-14,0.0,10.5,3.0,2.2,30.0,4,0,4,12,2018,558,0,1,154.0
623,8427,2018-12-15,0.2,9.0,2.7,1.4,39.0,4,1,5,12,2018,558,0,1,146.0
624,6816,2018-12-16,0.3,12.5,5.6,3.3,16.0,4,1,6,12,2018,557,0,1,145.0
625,10159,2018-12-17,0.0,9.2,3.4,1.1,50.0,4,0,0,12,2018,557,0,1,114.0
626,10126,2018-12-18,0.9,8.0,2.5,0.6,52.0,4,0,1,12,2018,557,0,1,122.0
627,10440,2018-12-19,0.0,9.4,4.9,1.9,42.0,4,0,2,12,2018,557,0,1,120.0
628,11020,2018-12-20,0.0,10.8,5.4,1.4,39.0,4,0,3,12,2018,556,0,1,128.0
629,10063,2018-12-21,0.0,8.7,5.3,0.3,39.0,1,0,4,12,2018,556,0,0,137.0
630,6521,2018-12-22,0.0,9.0,6.2,0.8,44.0,1,1,5,12,2018,556,0,0,116.0
631,5046,2018-12-23,0.0,9.5,4.6,0.6,34.0,1,1,6,12,2018,556,0,0,89.0
632,4364,2018-12-24,0.0,13.2,3.2,0.3,52.0,1,0,0,12,2018,556,0,0,61.0
633,2873,2018-12-25,0.0,13.8,4.8,1.1,45.0,1,0,1,12,2018,557,1,0,26.0
634,6496,2018-12-26,0.0,12.4,4.3,0.8,54.0,1,0,2,12,2018,557,0,0,73.0
635,7282,2018-12-27,0.0,10.5,2.0,0.6,50.0,1,0,3,12,2018,557,0,0,78.0
636,7386,2018-12-28,0.0,12.7,1.5,1.4,46.0,1,0,4,12,2018,558,0,0,99.0
637,5584,2018-12-29,0.0,11.9,4.0,1.7,31.0,1,1,5,12,2018,558,0,0,70.0
638,5114,2018-12-30,0.0,14.2,3.2,1.1,38.0,1,1,6,12,2018,559,0,0,90.0
639,4718,2018-12-31,0.0,13.4,0.7,0.6,61.0,1,0,0,12,2018,559,0,0,75.0
